white
4
-0.841000020503998
-0.595000028610229
0.841000020503998
-0.595000028610229
0.841000020503998
0.595000028610229
-0.841000020503998
0.595000028610229

red
4
-0.841000020503998
0.587499976158142
0.841000020503998
0.587499976158142
0.841000020503998
0.595000028610229
-0.841000020503998
0.595000028610229

red
4
0.841000020503998
-0.587499976158142
-0.841000020503998
-0.587499976158142
-0.841000020503998
-0.595000028610229
0.841000020503998
-0.595000028610229

red
4
0.833500027656555
-0.595000028610229
0.841000020503998
-0.595000028610229
0.841000020503998
0.595000028610229
0.833500027656555
0.595000028610229

red
4
-0.833500027656555
0.595000028610229
-0.841000020503998
0.595000028610229
-0.841000020503998
-0.595000028610229
-0.833500027656555
-0.595000028610229

black
4
-0.73938000202179
-0.00749999983236194
0.73938000202179
-0.00749999983236194
0.73938000202179
0.00749999983236194
-0.73938000202179
0.00749999983236194

black
4
-0.73938000202179
0.142841994762421
0.73938000202179
0.142841994762421
0.73938000202179
0.157841995358467
-0.73938000202179
0.157841995358467

black
4
0.73938000202179
-0.142841994762421
-0.73938000202179
-0.142841994762421
-0.73938000202179
-0.157841995358467
0.73938000202179
-0.157841995358467

black
4
-0.73938000202179
0.356499999761581
0.73938000202179
0.356499999761581
0.73938000202179
0.371499985456467
-0.73938000202179
0.371499985456467

black
4
0.73938000202179
-0.356499999761581
-0.73938000202179
-0.356499999761581
-0.73938000202179
-0.371499985456467
0.73938000202179
-0.371499985456467

black
4
0.00749999983236194
-0.363999992609024
0.00749999983236194
0.363999992609024
-0.00749999983236194
0.363999992609024
-0.00749999983236194
-0.363999992609024

black
4
0.73938000202179
-0.363999992609024
0.73938000202179
0.363999992609024
0.724380016326904
0.363999992609024
0.724380016326904
-0.363999992609024

black
4
-0.73938000202179
0.363999992609024
-0.73938000202179
-0.363999992609024
-0.724380016326904
-0.363999992609024
-0.724380016326904
0.363999992609024

black
4
-0.724380016326904
0.356499999761581
-0.724380016326904
0.582535982131958
-0.73938000202179
0.582535982131958
-0.73938000202179
0.356499999761581

black
4
0.724380016326904
-0.356499999761581
0.724380016326904
-0.582535982131958
0.73938000202179
-0.582535982131958
0.73938000202179
-0.356499999761581

black
4
-0.574038028717041
0.356499999761581
-0.574038028717041
0.582535982131958
-0.589038014411926
0.582535982131958
-0.589038014411926
0.356499999761581

black
4
0.574038028717041
-0.356499999761581
0.574038028717041
-0.582535982131958
0.589038014411926
-0.582535982131958
0.589038014411926
-0.356499999761581

black
4
-0.423696011304855
0.356499999761581
-0.423696011304855
0.582535982131958
-0.438695996999741
0.582535982131958
-0.438695996999741
0.356499999761581

black
4
0.423696011304855
-0.356499999761581
0.423696011304855
-0.582535982131958
0.438695996999741
-0.582535982131958
0.438695996999741
-0.356499999761581

black
4
-0.27335399389267
0.356499999761581
-0.27335399389267
0.582535982131958
-0.288354009389877
0.582535982131958
-0.288354009389877
0.356499999761581

black
4
0.27335399389267
-0.356499999761581
0.27335399389267
-0.582535982131958
0.288354009389877
-0.582535982131958
0.288354009389877
-0.356499999761581

