white
4
-1.15499997138977
0.545000016689301
1.15499997138977
0.545000016689301
1.15499997138977
0.59500002861023
-1.15499997138977
0.59500002861023

white
4
1.15499997138977
-0.545000016689301
-1.15499997138977
-0.545000016689301
-1.15499997138977
-0.59500002861023
1.15499997138977
-0.59500002861023

white
4
-1.15499997138977
0.59500002861023
-1.15499997138977
-0.59500002861023
-1.10500001907349
-0.59500002861023
-1.10500001907349
0.59500002861023

white
4
1.15499997138977
-0.59500002861023
1.15499997138977
0.59500002861023
1.10500001907349
0.59500002861023
1.10500001907349
-0.59500002861023

white
4
-0.025000000372529
0.59500002861023
-0.025000000372529
-0.59500002861023
0.025000000372529
-0.59500002861023
0.025000000372529
0.59500002861023

white
4
-1.15499997138977
0.0649999976158142
-0.790000021457672
0.0649999976158142
-0.790000021457672
0.115000002086163
-1.15499997138977
0.115000002086163

white
4
1.15499997138977
-0.0649999976158142
0.790000021457672
-0.0649999976158142
0.790000021457672
-0.115000002086163
1.15499997138977
-0.115000002086163

white
4
-1.15499997138977
-0.115000002086163
-0.790000021457672
-0.115000002086163
-0.790000021457672
-0.0649999976158142
-1.15499997138977
-0.0649999976158142

white
4
1.15499997138977
0.115000002086163
0.790000021457672
0.115000002086163
0.790000021457672
0.0649999976158142
1.15499997138977
0.0649999976158142

white
4
0
0.0649999976158142
0.449999988079071
0.0649999976158142
0.449999988079071
0.115000002086163
0
0.115000002086163

white
4
0
-0.0649999976158142
-0.449999988079071
-0.0649999976158142
-0.449999988079071
-0.115000002086163
6.12303160367576E-018
-0.115000002086163

white
4
0
-0.115000002086163
0.449999988079071
-0.115000002086163
0.449999988079071
-0.0649999976158142
0
-0.0649999976158142

white
4
0
0.115000002086163
-0.449999988079071
0.115000002086163
-0.449999988079071
0.0649999976158142
6.12303160367576E-018
0.0649999976158142

white
4
-1.10500001907349
0.59500002861023
-1.10500001907349
0.889999985694885
-1.15499997138977
0.889999985694885
-1.15499997138977
0.59500002861023

white
4
1.10500001907349
-0.59500002861023
1.10500001907349
-0.889999985694885
1.15499997138977
-0.889999985694885
1.15499997138977
-0.59500002861023

white
4
-0.925000011920929
0.59500002861023
-0.925000011920929
0.889999985694885
-0.975000023841858
0.889999985694885
-0.975000023841858
0.59500002861023

white
4
0.925000011920929
-0.59500002861023
0.925000011920929
-0.889999985694885
0.975000023841858
-0.889999985694885
0.975000023841858
-0.59500002861023

white
4
-0.745000004768372
0.59500002861023
-0.745000004768372
0.889999985694885
-0.7950000166893
0.889999985694885
-0.7950000166893
0.59500002861023

white
4
0.745000004768372
-0.59500002861023
0.745000004768372
-0.889999985694885
0.7950000166893
-0.889999985694885
0.7950000166893
-0.59500002861023

white
4
-0.564999997615814
0.59500002861023
-0.564999997615814
0.889999985694885
-0.615000009536743
0.889999985694885
-0.615000009536743
0.59500002861023

white
4
0.564999997615814
-0.59500002861023
0.564999997615814
-0.889999985694885
0.615000009536743
-0.889999985694885
0.615000009536743
-0.59500002861023

white
4
-0.384999990463257
0.59500002861023
-0.384999990463257
0.889999985694885
-0.435000002384186
0.889999985694885
-0.435000002384186
0.59500002861023

white
4
0.384999990463257
-0.59500002861023
0.384999990463257
-0.889999985694885
0.435000002384186
-0.889999985694885
0.435000002384186
-0.59500002861023

